lr | lambda | inverse_beta | M | wdecay | opt-rate| regret
0.1 | 0.01| 1e-06 | 1 | 0.1 | 0.10000000000000003 | 0.2416580854506413
0.1 | 0.01| 1e-05 | 1 | 0.1 | 0.08641666666666666 | 0.26993241475217394
0.1 | 0.01| 1e-06 | 10 | 0.1 | 0.10001111111111113 | 0.24203704400885467
0.1 | 0.01| 1e-06 | 20 | 0.1 | 0.10023174603174606 | 0.24183995420909554
0.1 | 0.01| 1e-06 | 50 | 0.1 | 0.1002261904761905 | 0.2425997796236718
0.1 | 0.01| 1e-05 | 10 | 0.1 | 0.10145 | 0.2627496934933258
0.1 | 0.01| 1e-05 | 20 | 0.1 | 0.10058333333333334 | 0.25797524660461146
0.1 | 0.01| 0.0001 | 1 | 0.1 | 0.088 | 0.25460476642093527
0.1 | 0.01| 1e-06 | 100 | 0.1 | 0.09968015873015876 | 0.24259284764278483
0.1 | 0.01| 1e-05 | 50 | 0.1 | 0.10466666666666667 | 0.23240346185458577
0.1 | 0.01| 0.0001 | 10 | 0.1 | 0.094 | 0.24686344578080144
0.1 | 0.01| 0.0001 | 20 | 0.1 | 0.097 | 0.2542519321711414
0.1 | 0.01| 0.001 | 1 | 0.1 | 0.089 | 0.26662701098972125
0.1 | 0.01| 0.001 | 10 | 0.1 | 0.111 | 0.214281563464317
0.1 | 0.01| 1e-05 | 100 | 0.1 | 0.10333333333333333 | 0.23239254120797806
0.1 | 0.01| 0.0001 | 50 | 0.1 | 0.1085 | 0.2280741475159036
0.1 | 0.01| 0.001 | 20 | 0.1 | 0.119 | 0.23834247114538898
0.1 | 0.01| 1e-06 | 1 | 0.01 | 0.361 | 0.022339114177913514
0.1 | 0.01| 0.001 | 50 | 0.1 | 0.1 | 0.25787279670104285
0.1 | 0.01| 1e-06 | 10 | 0.01 | 0.3985 | 0.018877763738430784
0.1 | 0.01| 0.0001 | 100 | 0.1 | 0.113 | 0.2406572918320328
0.1 | 0.01| 1e-06 | 20 | 0.01 | 0.387 | 0.01912019569554561
0.1 | 0.01| 1e-05 | 1 | 0.01 | 0.266 | 0.048104090966339184
0.1 | 0.01| 1e-05 | 10 | 0.01 | 0.274 | 0.041197985289400996
0.1 | 0.01| 1e-06 | 50 | 0.01 | 0.399 | 0.0188856643230184
0.1 | 0.01| 0.001 | 100 | 0.1 | 0.098 | 0.22625617826609618
0.1 | 0.01| 1e-05 | 20 | 0.01 | 0.303 | 0.035434939301047234
0.1 | 0.01| 0.0001 | 1 | 0.01 | 0.123 | 0.19538167192116632
0.1 | 0.01| 0.0001 | 10 | 0.01 | 0.11 | 0.20690418562807222
0.1 | 0.01| 1e-05 | 50 | 0.01 | 0.279 | 0.039660473458251126
0.1 | 0.01| 0.0001 | 20 | 0.01 | 0.096 | 0.2487213354952921
0.1 | 0.01| 1e-06 | 100 | 0.01 | 0.383 | 0.019587758516137886
0.1 | 0.01| 0.001 | 1 | 0.01 | 0.11 | 0.23783342747610256
0.1 | 0.01| 0.001 | 10 | 0.01 | 0.111 | 0.24869125545690948
0.1 | 0.01| 0.0001 | 50 | 0.01 | 0.099 | 0.22916896972175504
0.1 | 0.01| 1e-05 | 100 | 0.01 | 0.295 | 0.03412657195922943
0.1 | 0.01| 0.001 | 20 | 0.01 | 0.079 | 0.25325595877088325
0.1 | 0.01| 1e-06 | 1 | 0.001 | 0.29 | 0.04070437485880393
0.1 | 0.01| 1e-06 | 10 | 0.001 | 0.301 | 0.04107751877677964
0.1 | 0.01| 0.0001 | 100 | 0.01 | 0.1145 | 0.22254780522047435
0.1 | 0.01| 1e-06 | 20 | 0.001 | 0.312 | 0.03356990192676928
0.1 | 0.01| 0.001 | 50 | 0.01 | 0.093 | 0.2261126637799379
0.1 | 0.01| 1e-05 | 1 | 0.001 | 0.213 | 0.06558262253607654
0.1 | 0.01| 1e-05 | 10 | 0.001 | 0.207 | 0.07847577912067603
0.1 | 0.01| 1e-06 | 50 | 0.001 | 0.316 | 0.028392262792899782
0.1 | 0.01| 0.001 | 100 | 0.01 | 0.108 | 0.2510209466631168
0.1 | 0.01| 1e-05 | 20 | 0.001 | 0.217 | 0.05959163554392958
0.1 | 0.01| 0.0001 | 1 | 0.001 | 0.13 | 0.1566818304064571
0.1 | 0.01| 0.0001 | 10 | 0.001 | 0.128 | 0.17140795346109539
0.1 | 0.01| 1e-05 | 50 | 0.001 | 0.2375 | 0.05606285806794349
0.1 | 0.01| 1e-06 | 100 | 0.001 | 0.396 | 0.017726225669906875
0.1 | 0.01| 0.0001 | 20 | 0.001 | 0.12 | 0.16185955318909304
0.1 | 0.01| 0.001 | 1 | 0.001 | 0.10540000000000001 | 0.24588727221775616
0.1 | 0.01| 0.001 | 10 | 0.001 | 0.0977095238095238 | 0.23279957322731876
0.1 | 0.01| 0.001 | 20 | 0.001 | 0.09270357142857143 | 0.25336063166984907
0.1 | 0.01| 1e-05 | 100 | 0.001 | 0.269 | 0.05035631126374547
0.1 | 0.01| 0.0001 | 50 | 0.001 | 0.121 | 0.16867539150456282
0.1 | 0.01| 1e-06 | 1 | 0.0001 | 0.204 | 0.07322515765009029
0.1 | 0.01| 1e-06 | 10 | 0.0001 | 0.199 | 0.0827061202331106
0.1 | 0.01| 0.0001 | 100 | 0.001 | 0.128 | 0.1508297273760496
0.1 | 0.01| 0.001 | 50 | 0.001 | 0.09934325396825397 | 0.24839215430558517
0.1 | 0.01| 1e-06 | 20 | 0.0001 | 0.207 | 0.0728596203166289
0.1 | 0.01| 1e-05 | 1 | 0.0001 | 0.175 | 0.08997782126611023
0.1 | 0.01| 1e-05 | 10 | 0.0001 | 0.141 | 0.12977446896397565
0.1 | 0.01| 0.001 | 100 | 0.001 | 0.09356190476190476 | 0.2502993923831328
0.1 | 0.01| 1e-05 | 20 | 0.0001 | 0.183 | 0.08528176447012333
0.1 | 0.01| 1e-06 | 50 | 0.0001 | 0.213 | 0.06944480631026635
0.1 | 0.01| 0.0001 | 1 | 0.0001 | 0.115 | 0.17129756222501868
0.1 | 0.01| 0.0001 | 10 | 0.0001 | 0.123 | 0.18476418858573468
0.1 | 0.01| 1e-06 | 100 | 0.0001 | 0.216 | 0.06909571021735884
0.1 | 0.01| 0.0001 | 20 | 0.0001 | 0.116 | 0.17346609644544017
0.1 | 0.01| 1e-05 | 50 | 0.0001 | 0.177 | 0.10577277306833406
0.1 | 0.01| 0.001 | 1 | 0.0001 | 0.10850476190476191 | 0.23696807052420338
0.1 | 0.01| 0.001 | 10 | 0.0001 | 0.09923571428571429 | 0.24724476673336607
0.1 | 0.01| 1e-05 | 100 | 0.0001 | 0.1845 | 0.10172615732430318
0.1 | 0.01| 0.0001 | 50 | 0.0001 | 0.12 | 0.18980997490256568
0.1 | 0.01| 0.001 | 20 | 0.0001 | 0.09728055555555556 | 0.2429025788149743
0.05 | 0.01| 1e-06 | 1 | 0.1 | 0.09985833333333335 | 0.24183548307867767
0.05 | 0.01| 1e-06 | 10 | 0.1 | 0.10006666666666669 | 0.2420270591814432
0.1 | 0.01| 0.0001 | 100 | 0.0001 | 0.12 | 0.16678389716620476
0.05 | 0.01| 1e-06 | 20 | 0.1 | 0.09980793650793653 | 0.2424573547230554
0.1 | 0.01| 0.001 | 50 | 0.0001 | 0.09985555555555559 | 0.24192813489783685
0.05 | 0.01| 1e-05 | 1 | 0.1 | 0.084 | 0.27763186320359035
0.05 | 0.01| 1e-05 | 10 | 0.1 | 0.10308333333333333 | 0.24751509621175966
0.05 | 0.01| 1e-05 | 20 | 0.1 | 0.10475 | 0.2482432351958228
0.1 | 0.01| 0.001 | 100 | 0.0001 | 0.10000000000000002 | 0.2420084686883025
0.05 | 0.01| 1e-06 | 50 | 0.1 | 0.09990000000000002 | 0.24204623053475252
0.05 | 0.01| 0.0001 | 1 | 0.1 | 0.088 | 0.27164857006307597
0.05 | 0.01| 0.0001 | 10 | 0.1 | 0.097 | 0.24759643801869335
0.05 | 0.01| 1e-06 | 100 | 0.1 | 0.09989444444444447 | 0.24225164430027535
0.05 | 0.01| 0.0001 | 20 | 0.1 | 0.1 | 0.2450821977351315
0.05 | 0.01| 1e-05 | 50 | 0.1 | 0.09194999999999999 | 0.2486107283203216
0.05 | 0.01| 0.001 | 1 | 0.1 | 0.104 | 0.2588675350221215
0.05 | 0.01| 0.001 | 10 | 0.1 | 0.11 | 0.22671451229306064
0.05 | 0.01| 1e-05 | 100 | 0.1 | 0.09391666666666666 | 0.24249612886739283
0.05 | 0.01| 0.001 | 20 | 0.1 | 0.111 | 0.23287765802490668
0.05 | 0.01| 0.0001 | 50 | 0.1 | 0.0915 | 0.24321128077262733
0.05 | 0.01| 1e-06 | 1 | 0.01 | 0.3135 | 0.04175984882783606
0.05 | 0.01| 1e-06 | 10 | 0.01 | 0.346 | 0.025302207270630463
0.05 | 0.01| 0.0001 | 100 | 0.1 | 0.106 | 0.2294368157143524
0.05 | 0.01| 1e-06 | 20 | 0.01 | 0.352 | 0.025109023781189378
0.05 | 0.01| 0.001 | 50 | 0.1 | 0.1 | 0.25689722689044425
0.05 | 0.01| 1e-05 | 1 | 0.01 | 0.194 | 0.08428524452999661
0.05 | 0.01| 1e-05 | 10 | 0.01 | 0.253 | 0.05165795873578795
0.05 | 0.01| 0.001 | 100 | 0.1 | 0.103 | 0.2369207516967282
0.05 | 0.01| 1e-05 | 20 | 0.01 | 0.284 | 0.04634080887841022
0.05 | 0.01| 1e-06 | 50 | 0.01 | 0.3745 | 0.01943137144345481
0.05 | 0.01| 0.0001 | 1 | 0.01 | 0.129 | 0.19026185985780025
0.05 | 0.01| 0.0001 | 10 | 0.01 | 0.109 | 0.21972261051017786
0.05 | 0.01| 1e-06 | 100 | 0.01 | 0.381 | 0.01980610145878219
0.05 | 0.01| 0.0001 | 20 | 0.01 | 0.106 | 0.24001551700953178
0.05 | 0.01| 1e-05 | 50 | 0.01 | 0.295 | 0.041498471554728085
0.05 | 0.01| 0.001 | 1 | 0.01 | 0.098 | 0.2400942569512608
0.05 | 0.01| 0.001 | 10 | 0.01 | 0.115 | 0.2380222526714336
0.05 | 0.01| 1e-05 | 100 | 0.01 | 0.307 | 0.03502934989259387
0.05 | 0.01| 0.001 | 20 | 0.01 | 0.106 | 0.22823279190358553
0.05 | 0.01| 0.0001 | 50 | 0.01 | 0.1 | 0.23954209494839437
0.05 | 0.01| 1e-06 | 1 | 0.001 | 0.245 | 0.055831925534733595
0.05 | 0.01| 1e-06 | 10 | 0.001 | 0.244 | 0.05607994364455198
0.05 | 0.01| 0.0001 | 100 | 0.01 | 0.104 | 0.2449588858534187
0.05 | 0.01| 1e-06 | 20 | 0.001 | 0.261 | 0.048551754034585844
0.05 | 0.01| 0.001 | 50 | 0.01 | 0.121 | 0.22807273606938186
0.05 | 0.01| 1e-05 | 1 | 0.001 | 0.193 | 0.08227239352408972
0.05 | 0.01| 1e-05 | 10 | 0.001 | 0.179 | 0.09498735173637246
0.05 | 0.01| 0.001 | 100 | 0.01 | 0.107 | 0.2320558285739931
0.05 | 0.01| 1e-05 | 20 | 0.001 | 0.219 | 0.06976486491144838
0.05 | 0.01| 1e-06 | 50 | 0.001 | 0.2875 | 0.040088085452262105
0.05 | 0.01| 0.0001 | 1 | 0.001 | 0.131 | 0.15481679709282845
0.05 | 0.01| 0.0001 | 10 | 0.001 | 0.126 | 0.16768364557864973
0.05 | 0.01| 1e-06 | 100 | 0.001 | 0.327 | 0.030427621149536996
0.05 | 0.01| 0.0001 | 20 | 0.001 | 0.127 | 0.16488393794704667
0.05 | 0.01| 1e-05 | 50 | 0.001 | 0.211 | 0.06562174485266584
0.05 | 0.01| 0.001 | 1 | 0.001 | 0.118 | 0.2226751347239986
0.05 | 0.01| 0.001 | 10 | 0.001 | 0.089 | 0.25017316678215884
0.05 | 0.01| 0.001 | 20 | 0.001 | 0.093 | 0.2391880682153162
0.05 | 0.01| 1e-05 | 100 | 0.001 | 0.231 | 0.06206703220961088
0.05 | 0.01| 0.0001 | 50 | 0.001 | 0.104 | 0.19121809570845158
0.05 | 0.01| 1e-06 | 1 | 0.0001 | 0.217 | 0.07041851057926403
0.05 | 0.01| 1e-06 | 10 | 0.0001 | 0.208 | 0.0777441494862234
0.05 | 0.01| 0.0001 | 100 | 0.001 | 0.139 | 0.1649509331600495
0.05 | 0.01| 1e-06 | 20 | 0.0001 | 0.207 | 0.06888171884538687
0.05 | 0.01| 0.001 | 50 | 0.001 | 0.098 | 0.23915331352968194
0.05 | 0.01| 1e-05 | 1 | 0.0001 | 0.1755 | 0.09297866494081392
0.05 | 0.01| 1e-05 | 10 | 0.0001 | 0.145 | 0.12453656296395103
0.05 | 0.01| 0.001 | 100 | 0.001 | 0.09383333333333334 | 0.22805377725675777
0.05 | 0.01| 1e-05 | 20 | 0.0001 | 0.187 | 0.08853254356572231
0.05 | 0.01| 1e-06 | 50 | 0.0001 | 0.213 | 0.06906752000252739
0.05 | 0.01| 0.0001 | 1 | 0.0001 | 0.121 | 0.17155292053033402
0.05 | 0.01| 0.0001 | 10 | 0.0001 | 0.127 | 0.1742139094787096
0.05 | 0.01| 1e-06 | 100 | 0.0001 | 0.215 | 0.07245564701669648
0.05 | 0.01| 0.0001 | 20 | 0.0001 | 0.126 | 0.16696840990152265
0.05 | 0.01| 1e-05 | 50 | 0.0001 | 0.177 | 0.09984460765459996
0.05 | 0.01| 0.001 | 1 | 0.0001 | 0.111 | 0.2204066636015307
0.05 | 0.01| 0.001 | 10 | 0.0001 | 0.10216666666666666 | 0.2473027973841766
0.05 | 0.01| 1e-05 | 100 | 0.0001 | 0.168 | 0.11036908604958864
0.05 | 0.01| 0.0001 | 50 | 0.0001 | 0.113 | 0.18499320741120057
0.05 | 0.01| 0.001 | 20 | 0.0001 | 0.10733333333333332 | 0.24645357415979013
0.01 | 0.01| 1e-06 | 1 | 0.1 | 0.10054761904761908 | 0.24137690302441053
0.01 | 0.01| 1e-06 | 10 | 0.1 | 0.10151428571428574 | 0.243258159924905
0.05 | 0.01| 0.0001 | 100 | 0.0001 | 0.111 | 0.17492382931768535
0.01 | 0.01| 1e-06 | 20 | 0.1 | 0.09943293650793653 | 0.24308408606613433
0.05 | 0.01| 0.001 | 50 | 0.0001 | 0.10615912698412697 | 0.2535159580125637
0.01 | 0.01| 1e-05 | 1 | 0.1 | 0.11141666666666666 | 0.2258310582749431
0.01 | 0.01| 1e-05 | 10 | 0.1 | 0.107 | 0.2417623348019285
0.01 | 0.01| 1e-05 | 20 | 0.1 | 0.10925 | 0.23397841016948145
0.05 | 0.01| 0.001 | 100 | 0.0001 | 0.09989325396825398 | 0.24558447973344466
0.01 | 0.01| 1e-06 | 50 | 0.1 | 0.10005396825396828 | 0.24185301973137438
0.01 | 0.01| 0.0001 | 1 | 0.1 | 0.1065 | 0.2407542047877701
0.01 | 0.01| 0.0001 | 10 | 0.1 | 0.103 | 0.24553578199178788
0.01 | 0.01| 0.0001 | 20 | 0.1 | 0.116 | 0.23425783230440594
0.01 | 0.01| 1e-06 | 100 | 0.1 | 0.10000000000000002 | 0.2420084686883025
0.01 | 0.01| 1e-05 | 50 | 0.1 | 0.09558333333333333 | 0.21486209224515962
0.01 | 0.01| 0.001 | 1 | 0.1 | 0.109 | 0.24939084798075953
0.01 | 0.01| 0.001 | 10 | 0.1 | 0.102 | 0.23807468233452317
0.01 | 0.01| 1e-05 | 100 | 0.1 | 0.10083333333333333 | 0.2471338225238094
0.01 | 0.01| 0.001 | 20 | 0.1 | 0.101 | 0.24143243779798645
0.01 | 0.01| 0.0001 | 50 | 0.1 | 0.091 | 0.239968692635009
0.01 | 0.01| 1e-06 | 1 | 0.01 | 0.119 | 0.21899323610879692
0.01 | 0.01| 1e-06 | 10 | 0.01 | 0.091 | 0.2953712260318357
0.01 | 0.01| 0.0001 | 100 | 0.1 | 0.109 | 0.2538023518355008
0.01 | 0.01| 1e-06 | 20 | 0.01 | 0.1045 | 0.25033094529544736
0.01 | 0.01| 0.001 | 50 | 0.1 | 0.094 | 0.24918683465523145
0.01 | 0.01| 1e-05 | 1 | 0.01 | 0.1165 | 0.2217485695434715
0.01 | 0.01| 1e-05 | 10 | 0.01 | 0.085 | 0.2956306950410727
0.01 | 0.01| 0.001 | 100 | 0.1 | 0.105 | 0.2374661597991192
0.01 | 0.01| 1e-05 | 20 | 0.01 | 0.1175 | 0.21906481063882283
0.01 | 0.01| 1e-06 | 50 | 0.01 | 0.138 | 0.17066325344826774
0.01 | 0.01| 0.0001 | 1 | 0.01 | 0.096 | 0.24069146629140287
0.01 | 0.01| 0.0001 | 10 | 0.01 | 0.103 | 0.22405677907677837
0.01 | 0.01| 1e-06 | 100 | 0.01 | 0.175 | 0.12238540307971792
0.01 | 0.01| 0.0001 | 20 | 0.01 | 0.1 | 0.22559495453399933
0.01 | 0.01| 1e-05 | 50 | 0.01 | 0.105 | 0.21456777794153112
0.01 | 0.01| 0.001 | 1 | 0.01 | 0.094 | 0.23292497221858077
0.01 | 0.01| 0.001 | 10 | 0.01 | 0.093 | 0.2355060473669654
0.01 | 0.01| 0.001 | 20 | 0.01 | 0.103 | 0.23798593546957886
0.01 | 0.01| 1e-05 | 100 | 0.01 | 0.138 | 0.1902882137730446
0.01 | 0.01| 0.0001 | 50 | 0.01 | 0.114 | 0.23075960204400262
0.01 | 0.01| 1e-06 | 1 | 0.001 | 0.132 | 0.21186340240465024
0.01 | 0.01| 1e-06 | 10 | 0.001 | 0.113 | 0.22614742286299577
0.01 | 0.01| 0.0001 | 100 | 0.01 | 0.09 | 0.23560878426527215
0.01 | 0.01| 0.001 | 50 | 0.01 | 0.1 | 0.22614899581873962
0.01 | 0.01| 1e-06 | 20 | 0.001 | 0.137 | 0.18151485524211472
0.01 | 0.01| 1e-05 | 1 | 0.001 | 0.119 | 0.21001543032886819
0.01 | 0.01| 1e-05 | 10 | 0.001 | 0.0985 | 0.25406101096774514
0.01 | 0.01| 0.001 | 100 | 0.01 | 0.103 | 0.22980987277127998
0.01 | 0.01| 1e-05 | 20 | 0.001 | 0.128 | 0.18260777833329822
0.01 | 0.01| 1e-06 | 50 | 0.001 | 0.212 | 0.08704283096506119
0.01 | 0.01| 0.0001 | 1 | 0.001 | 0.1035 | 0.22275034318541417
0.01 | 0.01| 0.0001 | 10 | 0.001 | 0.096 | 0.23149023375299713
0.01 | 0.01| 1e-06 | 100 | 0.001 | 0.215 | 0.06843932978951064
0.01 | 0.01| 0.0001 | 20 | 0.001 | 0.1025 | 0.21159899903729337
0.01 | 0.01| 1e-05 | 50 | 0.001 | 0.175 | 0.11536017283173211
0.01 | 0.01| 0.001 | 1 | 0.001 | 0.086 | 0.24365970521767738
0.01 | 0.01| 0.001 | 10 | 0.001 | 0.09 | 0.23844508281128818
0.01 | 0.01| 1e-05 | 100 | 0.001 | 0.18 | 0.10191325549048147
0.01 | 0.01| 0.001 | 20 | 0.001 | 0.115 | 0.23018546710341456
0.01 | 0.01| 0.0001 | 50 | 0.001 | 0.104 | 0.2089278261337211
0.01 | 0.01| 1e-06 | 1 | 0.0001 | 0.134 | 0.20851968729851805
0.01 | 0.01| 1e-06 | 10 | 0.0001 | 0.117 | 0.22173291520997684
0.01 | 0.01| 0.0001 | 100 | 0.001 | 0.114 | 0.2094414925084414
0.01 | 0.01| 1e-06 | 20 | 0.0001 | 0.145 | 0.17075240099564304
0.01 | 0.01| 0.001 | 50 | 0.001 | 0.093 | 0.24779397179546245
0.01 | 0.01| 1e-05 | 1 | 0.0001 | 0.119 | 0.20875094783987122
0.01 | 0.01| 1e-05 | 10 | 0.0001 | 0.094 | 0.24835239188043964
0.01 | 0.01| 0.001 | 100 | 0.001 | 0.108 | 0.2351588626959122
0.01 | 0.01| 1e-05 | 20 | 0.0001 | 0.131 | 0.17518389601797701
0.01 | 0.01| 1e-06 | 50 | 0.0001 | 0.205 | 0.08740766614273497
0.01 | 0.01| 0.0001 | 1 | 0.0001 | 0.103 | 0.21916417915980577
0.01 | 0.01| 0.0001 | 10 | 0.0001 | 0.096 | 0.23043738182550494
0.01 | 0.01| 1e-06 | 100 | 0.0001 | 0.199 | 0.0789035615323292
0.01 | 0.01| 1e-05 | 50 | 0.0001 | 0.1775 | 0.11680900068087618
0.01 | 0.01| 0.0001 | 20 | 0.0001 | 0.104 | 0.20761104065441813
0.01 | 0.01| 0.001 | 1 | 0.0001 | 0.094 | 0.24499387265612066
0.01 | 0.01| 0.001 | 10 | 0.0001 | 0.092 | 0.23438445226132962
0.01 | 0.01| 1e-05 | 100 | 0.0001 | 0.181 | 0.09904231892909551
0.01 | 0.01| 0.001 | 20 | 0.0001 | 0.109 | 0.233405713699349
0.01 | 0.01| 0.0001 | 50 | 0.0001 | 0.108 | 0.19828263162036983
0.001 | 0.01| 1e-06 | 1 | 0.1 | 0.086 | 0.26684595727817356
0.001 | 0.01| 1e-06 | 10 | 0.1 | 0.088 | 0.2674153102307454
0.01 | 0.01| 0.0001 | 100 | 0.0001 | 0.113 | 0.2094402644291503
0.001 | 0.01| 1e-06 | 20 | 0.1 | 0.1015 | 0.23552362822843878
0.01 | 0.01| 0.001 | 50 | 0.0001 | 0.0925 | 0.23245542397500127
0.001 | 0.01| 1e-05 | 1 | 0.1 | 0.096 | 0.26356096062100887
0.001 | 0.01| 1e-05 | 10 | 0.1 | 0.0845 | 0.2655506006372141
0.01 | 0.01| 0.001 | 100 | 0.0001 | 0.091 | 0.23713624299279693
0.001 | 0.01| 1e-05 | 20 | 0.1 | 0.095 | 0.22707822807777409
0.001 | 0.01| 1e-06 | 50 | 0.1 | 0.1045 | 0.20913477105763667
0.001 | 0.01| 0.0001 | 1 | 0.1 | 0.099 | 0.25111232627031854
0.001 | 0.01| 0.0001 | 10 | 0.1 | 0.094 | 0.24068569682775595
0.001 | 0.01| 1e-06 | 100 | 0.1 | 0.09833333333333333 | 0.23350834817055197
0.001 | 0.01| 0.0001 | 20 | 0.1 | 0.0915 | 0.24523086054803195
0.001 | 0.01| 1e-05 | 50 | 0.1 | 0.103 | 0.23083440696930427
0.001 | 0.01| 0.001 | 1 | 0.1 | 0.086 | 0.2678828336461131
0.001 | 0.01| 0.001 | 10 | 0.1 | 0.094 | 0.23883383303028205
0.001 | 0.01| 1e-05 | 100 | 0.1 | 0.09566666666666666 | 0.24180682783221794
0.001 | 0.01| 0.001 | 20 | 0.1 | 0.089 | 0.25592108489463117
0.001 | 0.01| 0.0001 | 50 | 0.1 | 0.115 | 0.2294154099336996
0.001 | 0.01| 1e-06 | 1 | 0.01 | 0.102 | 0.2607954451413522
0.001 | 0.01| 1e-06 | 10 | 0.01 | 0.089 | 0.2741077650732294
0.001 | 0.01| 0.0001 | 100 | 0.1 | 0.1 | 0.22911160046951567
0.001 | 0.01| 1e-06 | 20 | 0.01 | 0.093 | 0.22377202456363907
0.001 | 0.01| 0.001 | 50 | 0.1 | 0.104 | 0.2630940357409478
0.001 | 0.01| 1e-05 | 1 | 0.01 | 0.093 | 0.27040779030689244
0.001 | 0.01| 1e-05 | 10 | 0.01 | 0.0815 | 0.27415362786118597
0.001 | 0.01| 0.001 | 100 | 0.1 | 0.08 | 0.24271223203299377
0.001 | 0.01| 1e-05 | 20 | 0.01 | 0.098 | 0.21648573994406195
0.001 | 0.01| 1e-06 | 50 | 0.01 | 0.105 | 0.21346002196772193
0.001 | 0.01| 0.0001 | 1 | 0.01 | 0.099 | 0.23963604931863428
0.001 | 0.01| 0.0001 | 10 | 0.01 | 0.096 | 0.2530325721407073
0.001 | 0.01| 1e-06 | 100 | 0.01 | 0.096 | 0.22862091888173472
0.001 | 0.01| 0.0001 | 20 | 0.01 | 0.09 | 0.24119487466014597
0.001 | 0.01| 1e-05 | 50 | 0.01 | 0.108 | 0.22178981826464075
0.001 | 0.01| 0.001 | 1 | 0.01 | 0.097 | 0.24759685613369561
0.001 | 0.01| 0.001 | 10 | 0.01 | 0.103 | 0.22799894980354474
0.001 | 0.01| 1e-05 | 100 | 0.01 | 0.0955 | 0.22378477254495596
0.001 | 0.01| 0.001 | 20 | 0.01 | 0.097 | 0.23671053334671716
0.001 | 0.01| 0.0001 | 50 | 0.01 | 0.101 | 0.23658584980679345
0.001 | 0.01| 1e-06 | 1 | 0.001 | 0.1055 | 0.26375737348849954
0.001 | 0.01| 1e-06 | 10 | 0.001 | 0.094 | 0.2721311364882438
0.001 | 0.01| 0.0001 | 100 | 0.01 | 0.0925 | 0.22123353029751353
0.001 | 0.01| 1e-06 | 20 | 0.001 | 0.0895 | 0.22384574450260025
0.001 | 0.01| 0.001 | 50 | 0.01 | 0.091 | 0.2531771152767634
0.001 | 0.01| 1e-05 | 1 | 0.001 | 0.1005 | 0.266829531347236
0.001 | 0.01| 1e-05 | 10 | 0.001 | 0.084 | 0.2770310394546164
0.001 | 0.01| 0.001 | 100 | 0.01 | 0.109 | 0.23830891195469148
0.001 | 0.01| 1e-05 | 20 | 0.001 | 0.092 | 0.2182102675727141
0.001 | 0.01| 1e-06 | 50 | 0.001 | 0.101 | 0.217341963636395
0.001 | 0.01| 0.0001 | 1 | 0.001 | 0.096 | 0.23743827889238941
0.001 | 0.01| 0.0001 | 10 | 0.001 | 0.093 | 0.25002910815619156
0.001 | 0.01| 1e-06 | 100 | 0.001 | 0.091 | 0.23307159096142566
0.001 | 0.01| 0.0001 | 20 | 0.001 | 0.089 | 0.25015131969390864
0.001 | 0.01| 1e-05 | 50 | 0.001 | 0.109 | 0.22801469620949302
0.001 | 0.01| 0.001 | 1 | 0.001 | 0.099 | 0.24760891040351965
0.001 | 0.01| 0.001 | 10 | 0.001 | 0.104 | 0.22617655992171334
0.001 | 0.01| 1e-05 | 100 | 0.001 | 0.099 | 0.22825785898999748
0.001 | 0.01| 0.001 | 20 | 0.001 | 0.101 | 0.23376087563639583
0.001 | 0.01| 0.0001 | 50 | 0.001 | 0.097 | 0.2431477267539034
0.001 | 0.01| 1e-06 | 1 | 0.0001 | 0.105 | 0.2646247888166911
0.001 | 0.01| 1e-06 | 10 | 0.0001 | 0.0935 | 0.2717112175692599
0.001 | 0.01| 0.0001 | 100 | 0.001 | 0.1 | 0.228062336239464
0.001 | 0.01| 1e-06 | 20 | 0.0001 | 0.0885 | 0.22304131374587488
0.001 | 0.01| 0.001 | 50 | 0.001 | 0.078 | 0.25743218988102645
0.001 | 0.01| 1e-05 | 1 | 0.0001 | 0.0995 | 0.26535248809981443
0.001 | 0.01| 1e-05 | 10 | 0.0001 | 0.084 | 0.2762265556767078
0.001 | 0.01| 0.001 | 100 | 0.001 | 0.114 | 0.23214216656998024
0.001 | 0.01| 1e-05 | 20 | 0.0001 | 0.091 | 0.2201705253935673
0.001 | 0.01| 1e-06 | 50 | 0.0001 | 0.102 | 0.21816790199306577
0.001 | 0.01| 0.0001 | 1 | 0.0001 | 0.096 | 0.23685389706505822
0.001 | 0.01| 0.0001 | 10 | 0.0001 | 0.094 | 0.2481250563582586
0.001 | 0.01| 1e-06 | 100 | 0.0001 | 0.0915 | 0.23226179637265448
0.001 | 0.01| 0.0001 | 20 | 0.0001 | 0.0895 | 0.2502372936740239
0.001 | 0.01| 1e-05 | 50 | 0.0001 | 0.106 | 0.2274926487887882
0.001 | 0.01| 0.001 | 1 | 0.0001 | 0.1 | 0.24750693753946312
0.001 | 0.01| 0.001 | 10 | 0.0001 | 0.106 | 0.22612292998760603
0.001 | 0.01| 1e-05 | 100 | 0.0001 | 0.099 | 0.226659324327561
0.001 | 0.01| 0.001 | 20 | 0.0001 | 0.101 | 0.233107637521028
0.001 | 0.01| 0.0001 | 50 | 0.0001 | 0.097 | 0.24360986734431575
0.001 | 0.01| 0.0001 | 100 | 0.0001 | 0.098 | 0.22977972537064978
0.001 | 0.01| 0.001 | 50 | 0.0001 | 0.076 | 0.25787722130399443
0.001 | 0.01| 0.001 | 100 | 0.0001 | 0.114 | 0.23380340049340204
